<?xml version="1.0"?>
<opencv_storage>
<calib2hmdModel type_id="opencv-matrix">
  <rows>4</rows>
  <cols>4</cols>
  <dt>f</dt>
  <data>
  -0.971523496132366  -0.168833064094785  -0.166245279425043  -2.720062260000000
   0.176334402802519  -0.983831349027235  -0.031337757729782  -3.196589470000000
  -0.158266467866770  -0.059760130016740   0.985586349342035  81.646713300000002
                   0                   0                   0   1.000000000000000</data></calib2hmdModel>
</opencv_storage>
