<?xml version="1.0"?>
<opencv_storage>
<HM2calib type_id="opencv-matrix">
  <rows>4</rows>
  <cols>4</cols>
  <dt>f</dt>
  <data>
    -9.91738558e-001 2.37289853e-002 1.26061797e-001 -4.02792215e+000
    -1.45646855e-002 -9.97216403e-001 7.31273219e-002 -8.30727482e+000
    -1.27446115e-001 -7.06871226e-002 -9.89323437e-001 -2.07977180e+001
    0. 0. 0. 1.</data></HM2calib>
</opencv_storage>
