<?xml version="1.0"?>
<opencv_storage>
<hmdModel2faceModel type_id="opencv-matrix">
  <rows>4</rows>
  <cols>4</cols>
  <dt>f</dt>
  <data>
   0.995346665000000   0.008809995840000  -0.095954977000000  10.323300200000000
  -0.012080854700000   0.999363720000000  -0.033559989200000 -11.029200299999999
   0.095598258100000   0.034563045900000   0.994819760000000 -50.094199199999998
                   0                   0                   0   1.000000000000000</data></hmdModel2faceModel>
</opencv_storage>
