<?xml version="1.0"?>
<opencv_storage>
<hmdModel2faceModel type_id="opencv-matrix">
  <rows>4</rows>
  <cols>4</cols>
  <dt>f</dt>
  <data>
    9.95346665e-001 -1.20808547e-002 9.55982581e-002 0. 8.80999584e-003
    9.99363720e-001 3.45630459e-002 0. -9.59549770e-002 -3.35599892e-002
    9.94819760e-001 0. 1.03233002e-001 -1.10292003e-001 -5.00941992e-001
    1.</data></hmdModel2faceModel>
</opencv_storage>
