<?xml version="1.0"?>
<opencv_storage>
<OO2IR type_id="opencv-matrix">
  <rows>4</rows>
  <cols>4</cols>
  <dt>f</dt>
  <data>
    9.98735309e-001 -3.78484987e-002 -3.30956988e-002 -2.53818836e+001
    3.62911411e-002 9.98260915e-001 -4.64543924e-002 5.07142115e+000
    3.47963646e-002 4.51945551e-002 9.98371899e-001 -3.78797493e+001 0.
    0. 0. 1.</data></OO2IR>
</opencv_storage>
